a 12.5 1 1
a 0.5 1 1
a 0.5 1 1
a 0.5 1 1
a 0.5 1 1
a 0.5 1 1
a 0.5 1 1
a 0.5 1 1
a 0.5 1 1
a 0.5 1 1
a 0.5 1 1
a 0.5 1 1
a 0.5 1 1
a 0.5 1 1
a 0.5 1 1
a 0.5 1 1
a 0.5 1 1
a 0.5 1 1
a 0.5 1 1
a 0.5 1 1
a 0.5 1 1
a 0.5 1 1
a 0.5 1 1
a 0.5 1 1
a 0.5 1 1
a 0.5 1 1
a 0.5 1 1
a 0.5 1 1
a 0.5 1 1
a 0.5 1 1
a 0.5 1 1
a 0.5 1 1
a 0.5 1 1
a 0.5 1 1
a 0.5 1 1
a 0.5 1 1
a 0.5 1 1
a 0.5 1 1
a 0.5 1 1
a 0.5 1 1
a 0.5 1 1
a 0.5 1 1
a 0.5 1 1
a 0.5 1 1
a 0.5 1 1
a 0.5 1 1
a 0.5 1 1
a 0.5 1 1
a 0.5 1 1
a 0.5 1 1
a 0.5 1 1
a 0.5 1 1
a 0.5 1 1
a 0.5 1 1
a 0.5 1 1
a 0.5 1 1
a 0.5 1 1
a 0.5 1 1
a 0.5 1 1
a 0.5 1 1
a 0.5 1 1
a 0.5 1 1
a 0.5 1 1
a 0.5 1 1
a 0.5 1 1
a 0.5 1 1
a 0.5 1 1
a 0.5 1 1
a 0.5 1 1
a 0.5 1 1
a 0.5 1 1
a 0.5 1 1
a 0.5 1 1
a 0.5 1 1
a 0.5 1 1
a 0.5 1 1
a 0.5 1 1
a 0.5 1 1
a 0.5 1 1
a 0.5 1 1
a 0.5 1 1
a 0.5 1 1
a 0.5 1 1
a 0.5 1 1
a 0.5 1 1
a 0.5 1 1
a 0.5 1 1
a 0.5 1 1
a 0.5 1 1
a 0.5 1 1
a 0.5 1 1
a 0.5 1 1
a 0.5 1 1
a 0.5 1 1
a 0.5 1 1
a 0.5 1 1
a 0.5 1 1
a 0.5 1 1
a 0.5 1 1
a 0.5 1 1
a 0.5 1 1
a 0.5 1 1
a 0.5 1 1
a 0.5 1 1
a 0.5 1 1
a 0.5 1 1
a 0.5 1 1
a 0.5 1 1
a 0.5 1 1
a 0.5 1 1
a 0.5 1 1
a 0.5 1 1
a 0.5 1 1
a 0.5 1 1
a 0.5 1 1
a 0.5 1 1
a 0.5 1 1
a 0.5 1 1
a 0.5 1 1
a 0.5 1 1
a 0.5 1 1
a 0.5 1 1
a 0.5 1 1
a 0.5 1 1
a 0.5 1 1
a 0.5 1 1
a 0.5 1 1
a 0.5 1 1
a 0.5 1 1
a 0.5 1 1
a 0.5 1 1
a 0.5 1 1
a 0.5 1 1
a 0.5 1 1
a 0.5 1 1
a 0.5 1 1
a 0.5 1 1
a 0.5 1 1
a 0.5 1 1
a 0.5 1 1
a 0.5 1 1
a 0.5 1 1
a 0.5 1 1
a 0.5 1 1
a 0.5 1 1
a 0.5 1 1
a 0.5 1 1
a 0.5 1 1
a 0.5 1 1
a 0.5 1 1
a 0.5 1 1
a 0.5 1 1
a 0.5 1 1
a 0.5 1 1
a 0.5 1 1
a 0.5 1 1
a 0.5 1 1
a 0.5 1 1
a 0.5 1 1
a 0.5 1 1
a 0.5 1 1
a 0.5 1 1
a 0.5 1 1
a 1.760002 1 1
a 0.4302216 1 1
a 0.3911057 1 1
a 0.5084534 1 1
a 0.4693298 1 1
a 0.2737732 1 1
a 1.525337 1 1
a 0.2737808 1 1
a 2.307556 1 1
a 0.547554 1 1
a 0.5084457 1 1
a 0.547554 1 1
a 0.547554 1 1
a 0.4302216 1 1
a 0.547554 1 1
a 0.4693298 1 1
a 0.5475616 1 1
a 0.4693375 1 1
a 0.6648865 1 1
a 0.4693375 1 1
a 0.5475464 1 1
a 0.4693375 1 1
a 0.3911057 1 1
a 0.5475616 1 1
a 0.5084381 1 1
a 0.352005 1 1
a 0.6257782 1 1
a 0.3911057 1 1
a 0.6257858 1 1
a 0.4302139 1 1
a 0.5866699 1 1
a 0.4302216 1 1
a 0.5084457 1 1
a 0.4302216 1 1
a 0.5084457 1 1
a 0.5084457 1 1
a 0.5084381 1 1
a 0.5084534 1 1
a 0.4693222 1 1
a 0.4693375 1 1
a 0.5866699 1 1
a 0.3911057 1 1
a 0.6257858 1 1
a 0.5084381 1 1
a 0.5084534 1 1
a 0.4693222 1 1
a 0.5475616 1 1
a 0.5084457 1 1
a 0.5084381 1 1
a 1.760002 1 1
a 0.2737808 1 1
a 0.5084381 1 1
a 0.3911133 1 1
a 0.6648941 1 1
a 0.2737732 1 1
a 0.7822189 1 1
a 0.2737885 1 1
a 0.6648788 1 1
a 0.3128967 1 1
a 0.5084381 1 1
a 0.4693375 1 1
a 0.4693298 1 1
a 0.5084457 1 1
a 0.5084534 1 1
a 0.5475464 1 1
a 0.4693298 1 1
a 0.4693298 1 1
a 1.329788 1 1
a 0.2346649 1 1
a 0.5866547 1 1
a 0.6649017 1 1
a 0.2346649 1 1
a 0.6649017 1 1
a 0.2737579 1 1
a 1.447113 1 1
a 0.1955719 1 1
a 0.5084381 1 1
a 0.4693298 1 1
a 0.2737732 1 1
a 1.368896 1 1
a 0.5475464 1 1
a 0.3128967 1 1
a 0.3128815 1 1
a 0.3911133 1 1
a 0.6649017 1 1
a 0.5084229 1 1
a 0.1955566 1 1
a 0.70401 1 1
a 0.4302216 1 1
a 0.4693451 1 1
a 0.5084229 1 1
a 0.4302216 1 1
a 0.3911133 1 1
a 0.4693451 1 1
a 0.4302216 1 1
a 0.4302216 1 1
a 0.4302216 1 1
a 1.525345 1 1
a 0.5866547 1 1
a 0.5475464 1 1
a 0.5084534 1 1
a 0.5084534 1 1
a 0.5084381 1 1
a 1.368881 1 1
a 0.9777832 1 1
a 0.5475464 1 1
a 0.4693451 1 1
a 0.5475616 1 1
a 0.8213196 1 1
a 0.3128815 1 1
a 0.5866699 1 1
a 0.07823181 1 1
a 0.5084534 1 1
a 0.2737732 1 1
a 0.3128967 1 1
a 4.497772 1 1
a 0.2737732 1 1
a 1.016891 1 1
a 0.2346649 1 1
a 0.7822266 1 1
a 0.3128815 1 1
a 2.268448 1 1
a 0.2737732 1 1
a 0.2737732 1 1
a 0.2737732 1 1
a 0.2346802 1 1
a 0.3519897 1 1
a 0.1955719 1 1
