bpm 140
a 10 1 1
a 1.045333 1 2
a 1.045333 1 3
a 0.9457774 1 4
a 0.9955559 1 5
a 1.045334 1 4
a 0.895999 1 3
a 1.045334 1 2
a 0.9457779 1 1
a 0.746666 1 1
a 0.6968899 1 1
a 6.570664 1 1
a 0.9955578 1 2
a 0.9457779 1 3
a 0.995554 1 4
a 1.095112 1 5
a 0.945776 1 4
a 0.9955578 1 3
a 1.045334 1 2
a 0.995554 1 1
a 0.6968899 1 1
a 0.7964439 1 1
a 7.068445 1 1
a 0.1991119 1 1
a 0.1991081 1 1
a 0.9955559 1 1
a 0.2986679 1 1
a 0.7964439 1 2
a 0.1991081 1 2
a 0.2986679 1 2
a 0.2488899 1 2
a 0.6471138 1 1
a 0.2986679 1 1
a 0.2986641 1 1
a 0.9457779 1 1
a 0.1991081 1 1
a 0.2488899 1 1
a 0.497776 1 1
a 0.4480057 1 1
a 0.5973282 1 1
a 0.8462257 1 1
a 0.64711 1 1
a 6.421333 1 1
a 0.1991119 1 1
a 0.2488899 1 1
a 0.2488899 1 1
a 0.2488861 1 1
a 0.746666 1 1
a 0.0497818 1 1
a 0.447998 1 1
a 0.04977798 1 1
a 0.8959961 1 1
a 0.1991158 1 1
a 0.3484421 1 1
a 0.3484459 1 1
a 0.6471138 1 1
a 0.1991081 1 1
a 0.2488899 1 1
a 0.9955521 1 1
a 0.9955559 1 1
a 1.045334 1 1
a 0.746666 1 1
a 0.6471138 1 1
a 7.964447 1 1
a 0.3484421 1 1
a 0.447998 1 1
a 0.5973282 1 1
a 0.6968918 1 1
a 0.5973358 1 1
a 0.4977798 1 1
a 0.3982162 1 1
a 0.4480057 1 1
a 0.547554 1 1
a 0.7964401 1 1
a 0.746666 1 1
a 0.3982239 1 1
a 0.7466736 1 1
a 0.6968842 1 1
a 0.8959961 1 1
a 6.720001 1 1
a 0.3484497 1 1
a 0.3484421 1 1
a 0.4480057 1 1
a 0.6968842 1 1
a 0.64711 1 1
a 0.547554 1 1
a 0.4480057 1 1
a 0.447998 1 1
a 0.3982162 1 1
a 0.4480057 1 1
a 0.8959961 1 1
a 0.6471176 1 1
a 0.4977798 1 1
a 0.8462219 1 1
a 0.8959961 1 1
a 7.317329 1 1
a 0.4977875 1 1
a 0.4479904 1 1
a 0.4480057 1 1
a 0.4479904 1 1
a 0.6968918 1 1
a 0.3982239 1 1
a 0.4977722 1 1
a 0.4977875 1 1
a 0.3982239 1 1
a 0.4479904 1 1
a 0.9457855 1 1
a 0.8462219 1 1
a 0.5475464 1 1
a 0.7466812 1 1
a 0.5973206 1 1
a 0.8960114 1 1
a 6.17244 1 1
a 0.3484421 1 1
a 0.2488937 1 1
a 0.4977722 1 1
a 0.3982239 1 1
a 0.6968918 1 1
a 0.6968842 1 1
a 0.5475616 1 1
a 0.5973282 1 1
a 0.447998 1 1
a 0.4480057 1 1
a 0.447998 1 1
a 0.8462219 1 1
a 0.447998 1 1
a 0.4977798 1 1
a 0.9955521 1 1
a 0.6471176 1 1
