a 3.74293 1 1
a 35.53635 1 1
a 0.5592918 1 1
a 0.5592842 1 1
a 2.753426 1 1
a 0.6883545 1 1
a 0.602314 1 1
a 0.9895096 1 1
a 1.72089 1 1
a 0.6023102 1 1
a 0.559288 1 1
a 2.968533 1 1
a 0.559288 1 1
a 0.5162697 1 1
a 2.108086 1 1
a 0.1720924 1 1
a 0.3441772 1 1
a 0.3871956 1 1
a 1.376713 1 1
a 1.634846 1 1
a 0.4732437 1 1
a 1.075554 1 1
a 0.5162697 1 1
a 1.72089 1 1
a 8.819553 1 1
a 0.7313766 1 1
a 0.9034729 1 1
a 3.011551 1 1
a 0.4302216 1 1
a 0.5162659 1 1
a 1.032539 1 1
a 2.194122 1 1
a 0.4302368 1 1
a 0.4732361 1 1
a 6.668449 1 1
a 0.6453323 1 1
a 0.3441772 1 1
a 0.3011551 1 1
a 0.3871994 1 1
a 0.817421 1 1
a 0.3011551 1 1
a 0.7743988 1 1
a 0.3441849 1 1
a 0.6883469 1 1
a 0.387207 1 1
a 0.4732361 1 1
a 0.6883621 1 1
a 1.376709 1 1
a 8.303291 1 1
a 0.6883469 1 1
a 0.6883621 1 1
a 2.925514 1 1
a 0.6453323 1 1
a 0.4732437 1 1
a 0.9895096 1 1
a 1.59182 1 1
a 0.8604431 1 1
a 0.5162659 1 1
a 5.894051 1 1
a 0.2581329 1 1
a 0.6883545 1 1
a 0.6023102 1 1
a 0.9895172 1 1
a 0.5592804 1 1
a 1.075562 1 1
a 0.6453323 1 1
a 1.032532 1 1
a 0.559288 1 1
a 1.118584 1 1
a 0.9034576 1 1
a 0.9895172 1 1
a 0.9895096 1 1
a 0.9895172 1 1
a 1.720886 1 1
a 1.24765 1 1
a 1.548798 1 1
a 0.5162506 1 1
a 0.5162811 1 1
a 0.9034576 1 1
a 2.538315 1 1
a 0.9895172 1 1
a 0.9034576 1 1
a 1.505783 1 1
a 0.5162506 1 1
a 0.6023254 1 1
a 0.8604431 1 1
a 0.9464874 1 1
a 1.118576 1 1
a 0.9465027 1 1
a 0.989502 1 1
a 1.84996 1 1
a 0.6023102 1 1
a 0.731369 1 1
a 0.7744141 1 1
a 2.409225 1 1
a 0.9465027 1 1
a 1.075562 1 1
a 1.505768 1 1
a 0.5162659 1 1
a 0.5592957 1 1
a 0.7743988 1 1
a 2.065063 1 1
a 0.4302216 1 1
a 1.032532 1 1
a 1.118576 1 1
a 1.333694 1 1
a 0.4732361 1 1
a 0.5162659 1 1
a 0.8604431 1 1
a 2.4953 1 1
a 0.5162659 1 1
a 0.8604431 1 1
a 1.161591 1 1
a 0.9895172 1 1
a 0.9464874 1 1
a 1.075562 1 1
a 2.366211 1 1
a 0.9465027 1 1
a 1.075546 1 1
a 1.376709 1 1
a 0.5162811 1 1
a 0.6883392 1 1
a 76.19237 1 1
a 0.2151184 1 1
a 0.4732361 1 1
